block size = [8, 16, 24, 32, 40, 48, 56, 64, 72, 80, 88, 96, 104, 112, 120, 128]
throughput1 = [0.434132, 1.044336, 4.874149, 4.30917, 5.793897, 10.992402, 4.89774, 13.888796, 14.010557, 6.580644, 9.522957, 5.117368, 4.936366, 12.393036, 5.137331, 7.544223]
throughput2 = [0.199839, 1.639635, 1.74642, 3.240211, 8.812449, 5.61435, 15.585705, 5.519586, 14.455778, 14.182123, 14.604706, 9.472122, 15.925111, 4.794921, 5.965347, 13.384184]