block size = [128, 192, 256, 320, 384, 448, 512, 576, 640, 704, 768, 832, 896, 960, 1024, 1152, 1280, 1408, 1536, 1664, 1792, 1920, 2048, 2304, 2560, 2816, 3072, 3328, 3584]
throughput1 = [13.411873, 13.437365, 15.158446, 14.738595, 15.384984, 14.501706, 11.911963, 13.628532, 11.464482, 12.167171, 12.666344, 12.662957, 12.465346, 12.528509, 12.535204, 12.822788, 12.728582, 12.712228, 12.666172, 12.390804, 12.588772, 11.835954, 11.699679, 10.323037, 8.281494, 7.20051, 6.843962, 5.90839, 5.43587]
throughput4 = [14.054658, 10.945015, 12.882218, 13.458158, 18.245559, 14.088177, 12.532047, 14.30924, 13.274922, 11.779026, 12.729174, 12.741676, 12.741932, 12.751006, 12.519152, 12.514319, 12.44559, 12.492437, 12.630694, 12.442671, 12.378481, 12.158088, 11.376241, 9.973926, 8.459821, 7.052479, 6.509311, 6.08886, 5.751488]
