threads = [1, 16, 32, 48, 64, 80, 96, 112, 128, 144, 160, 176, 192, 208, 224, 240, 256]
thrpt_1 = [13.921313, 161.045622, 183.598814, 250.389611, 265.447216, 271.201217, 284.966676, 295.006752, 300.916705, 311.065307, 314.334699, 305.388174, 308.346858, 312.079899, 313.033369, 310.051546, 311.271282]
thrpt_2 = [13.931392, 162.894817, 182.22946, 251.094019, 293.393925, 270.561391, 287.139442, 290.029628, 294.377552, 299.136886, 309.152436, 301.226961, 304.700571, 314.870999, 309.071736, 311.337786, 311.101979]
thrpt_3 = [13.921975, 161.114409, 182.002108, 238.569387, 282.465762, 263.141002, 286.666616, 291.870726, 297.778885, 309.561172, 298.557804, 302.439734, 309.815898, 310.426786, 314.933705, 309.434569, 313.342821]
thrpt_4 = [13.929928, 159.503717, 178.193725, 248.988128, 277.889685, 266.383776, 293.965061, 300.255877, 290.350409, 303.833858, 306.42607, 299.617343, 308.007322, 313.012161, 308.851973, 314.804184, 318.703353]
