threads = [1, 16, 32, 48, 64, 80, 96, 112, 128, 144, 160, 176, 192, 208, 224, 240, 256]
throughput1 = [15.433766, 193.23671, 232.12778, 239.19, 250.064276, 231.927432, 262.440485, 230.811151, 232.987393, 233.221472, 234.072392, 242.186231, 245.515061, 236.054087, 253.693096, 226.574827, 238.062449]
throughput2 = [15.513785, 197.785425, 250.99777, 255.902465, 273.241182, 233.186128, 254.407508, 254.860456, 247.989911, 232.133089, 230.521415, 235.758704, 249.624704, 239.867715, 238.277101, 246.009974, 234.1756]
throughput3 = [15.490844, 195.913865, 238.677019, 240.803891, 240.915778, 247.631079, 232.96074, 229.468836, 233.351248, 236.109892, 232.461416, 233.568456, 233.649284, 237.040731, 240.695744, 247.541684, 227.626747]
throughput4 = [15.577387, 198.621901, 235.281238, 246.625831, 254.612979, 247.370092, 239.920999, 240.609528, 228.450511, 230.815005, 241.585458, 232.775981, 230.760863, 232.850096, 229.739149, 231.138785, 261.789192]
